# Undirected graph (each pair of nodes is saved twice):as19990829.txt	
# Autonomous systems (from the BGP logs) - 08 29 1999 	
# Nodes:103	Edges: 243	
# FromNodeId	ToNodeId	
1   701   1
1   1673   2
1   1800   3
1   2914   4
1   7018   5
1   3561   6
1   293   7
1   286   8
1   1239   9
1   7170   10
1   2685   11
1   5006   12
1   6461   13
1   6301   14
1   11354   15
1   209   16
1   7914   17
1   2828   18
1   6453   19
1   11015   20
1   1740   21
80   701   22
145   7170   23
145   1742   24
145   2603   25
145   11537   26
145   293   27
145   1103   28
196   1740   29
196   7018   30
209   11021   31
209   286   32
209   3561   33
209   1239   34
209   1   35
209   1740   36
209   293   37
209   2828   38
234   1225   39
267   1225   40
286   701   41
286   3333   42
286   1   43
286   4200   44
286   6461   45
286   2548   46
286   209   47
286   5459   48
286   3561   49
286   5696   50
286   1673   51
286   2497   52
286   1740   53
286   2914   54
293   701   55
293   1   56
293   568   57
293   2685   58
293   7018   59
293   145   60
293   1239   61
293   6461   62
293   3561   63
293   209   64
293   2914   65
293   1740   66
568   721   67
568   1239   68
568   1800   69
568   293   70
568   3561   71
701   80   72
701   1755   73
701   1225   74
701   2914   75
701   7018   76
701   1   77
701   293   78
701   702   79
701   2828   80
701   1239   81
701   2497   82
701   286   83
701   3561   84
701   1673   85
701   13832   86
701   1740   87
701   5006   88
701   7260   89
701   4200   90
701   6461   91
701   6301   92
701   13625   93
701   10851   94
701   6453   95
701   11959   96
701   6198   97
701   8143   98
701   12045   99
701   8074   100
701   4592   101
701   13375   102
701   11810   103
701   11729   104
701   11902   105
701   11847   106
702   701   107
702   1849   108
721   1455   109
721   568   110
1103   7170   111
1103   3333   112
1103   145   113
1103   6453   114
1225   701   115
1225   267   116
1225   234   117
1225   1325   118
1225   2914   119
1239   701   120
1239   1   121
1239   568   122
1239   1673   123
1239   2828   124
1239   2497   125
1239   2685   126
1239   7018   127
1239   1800   128
1239   11812   129
1239   293   130
1239   6453   131
1239   4200   132
1239   6461   133
1239   11021   134
1239   3561   135
1239   11354   136
1239   209   137
1239   11359   138
1239   1740   139
1239   4550   140
1239   8074   141
1239   6580   142
1325   1673   143
1325   1225   144
1455   721   145
1455   7170   146
1653   2603   147
1653   1880   148
1673   701   149
1673   2685   150
1673   1325   151
1673   1   152
1673   1239   153
1673   1740   154
1673   4200   155
1673   6461   156
1673   2548   157
1673   3561   158
1673   5696   159
1673   286   160
1673   2914   161
1740   7018   162
1740   1673   163
1740   701   164
1740   209   165
1740   11560   166
1740   1239   167
1740   2497   168
1740   286   169
1740   196   170
1740   1   171
1740   293   172
1740   2828   173
1742   145   174
1755   701   175
1755   1800   176
1755   2686   177
1755   1880   178
1755   6461   179
1755   2914   180
1800   1   181
1800   1755   182
1800   568   183
1800   1239   184
1800   2548   185
1849   702   186
1849   2686   187
1880   1653   188
1880   1755   189
2033   4969   190
2497   701   191
2497   2914   192
2497   1239   193
2497   6461   194
2497   2548   195
2497   3561   196
2497   5696   197
2497   286   198
2497   1740   199
2548   11397   200
2548   1673   201
2548   1800   202
2548   2497   203
2548   286   204
2548   3561   205
2603   145   206
2603   1653   207
2685   3082   208
2685   1673   209
2685   2692   210
2685   2686   211
2685   2914   212
2685   7018   213
2685   1   214
2685   293   215
2685   2828   216
2685   3561   217
2685   1239   218
2686   2685   219
2686   1755   220
2686   2905   221
2686   1849   222
2686   5459   223
2686   3333   224
2692   2685   225
2828   701   226
2828   4908   227
2828   1239   228
2828   2685   229
2828   7018   230
2828   4200   231
2828   6461   232
2828   209   233
2828   6453   234
2828   1   235
2828   1740   236
2905   2686   237
2914   701   238
2914   1   239
2914   1225   240
2914   2497   241
2914   7170   242
2914   2685   243
2914   7018   244
2914   7806   245
2914   1673   246
2914   1755   247
2914   293   248
2914   3561   249
2914   286   250
3082   2685   251
3300   7018   252
3300   6905   253
3333   286   254
3333   1103   255
3333   2686   256
3333   6905   257
3561   701   258
3561   1   259
3561   4908   260
3561   568   261
3561   2685   262
3561   7018   263
3561   11277   264
3561   5006   265
3561   6461   266
3561   2548   267
3561   209   268
3561   11895   269
3561   1673   270
3561   1239   271
3561   293   272
3561   2497   273
3561   286   274
3561   11134   275
3561   8047   276
3561   4129   277
3561   8143   278
3561   8074   279
3561   6453   280
3561   2914   281
4129   4129   282
4129   3561   283
4129   7018   284
4200   11383   285
4200   1673   286
4200   1239   287
4200   701   288
4200   2828   289
4200   286   290
4550   11937   291
4550   4550   292
4550   1239   293
4592   701   294
4592   7018   295
4908   3561   296
4908   2828   297
4969   2033   298
4969   6461   299
5006   11812   300
5006   701   301
5006   1   302
5006   3561   303
5459   2686   304
5459   6461   305
5459   286   306
5696   11268   307
5696   1673   308
5696   6461   309
5696   286   310
5696   2497   311
6140   6198   312
6198   12121   313
6198   701   314
6198   6140   315
6301   701   316
6301   1   317
6301   7018   318
6433   7018   319
6453   1239   320
6453   1103   321
6453   701   322
6453   8143   323
6453   2828   324
6453   3561   325
6453   9430   326
6453   1   327
6461   4969   328
6461   1755   329
6461   1673   330
6461   7018   331
6461   1   332
6461   701   333
6461   2828   334
6461   293   335
6461   5459   336
6461   286   337
6461   2497   338
6461   1239   339
6461   3561   340
6461   5696   341
6470   7018   342
6580   1239   343
6580   6580   344
6580   7018   345
6905   3300   346
6905   3333   347
6988   7018   348
7018   701   349
7018   1   350
7018   7170   351
7018   2685   352
7018   1740   353
7018   7018   354
7018   1239   355
7018   2914   356
7018   2828   357
7018   293   358
7018   3561   359
7018   3300   360
7018   13391   361
7018   11812   362
7018   10656   363
7018   11806   364
7018   11383   365
7018   6461   366
7018   11397   367
7018   11021   368
7018   12163   369
7018   11134   370
7018   6301   371
7018   11090   372
7018   11268   373
7018   10851   374
7018   4129   375
7018   7462   376
7018   12121   377
7018   6470   378
7018   8143   379
7018   12045   380
7018   11560   381
7018   11937   382
7018   10947   383
7018   8074   384
7018   9430   385
7018   6433   386
7018   11015   387
7018   4592   388
7018   13375   389
7018   13578   390
7018   7806   391
7018   6580   392
7018   196   393
7018   11810   394
7018   11729   395
7018   11516   396
7018   11902   397
7018   6988   398
7170   1455   399
7170   2914   400
7170   7018   401
7170   1   402
7170   11537   403
7170   145   404
7170   1103   405
7260   10656   406
7260   701   407
7462   7018   408
7806   2914   409
7806   7018   410
7914   7914   411
7914   1   412
8047   11090   413
8047   8047   414
8047   3561   415
8074   701   416
8074   7018   417
8074   3561   418
8074   1239   419
8143   701   420
8143   7018   421
8143   6453   422
8143   3561   423
9430   6453   424
9430   7018   425
10656   7260   426
10656   7018   427
10851   701   428
10851   7018   429
10851   11354   430
10947   7018   431
11015   1   432
11015   7018   433
11021   1239   434
11021   7018   435
11021   209   436
11090   11090   437
11090   8047   438
11090   7018   439
11134   3561   440
11134   7018   441
11268   5696   442
11268   7018   443
11277   3561   444
11354   10851   445
11354   1   446
11354   1239   447
11359   11662   448
11359   1239   449
11383   4200   450
11383   7018   451
11397   2548   452
11397   7018   453
11516   7018   454
11537   7170   455
11537   145   456
11560   1740   457
11560   7018   458
11662   11359   459
11729   701   460
11729   7018   461
11806   7018   462
11810   701   463
11810   7018   464
11812   5006   465
11812   11812   466
11812   7018   467
11812   1239   468
11847   701   469
11895   3561   470
11902   701   471
11902   7018   472
11937   4550   473
11937   7018   474
11959   701   475
12045   701   476
12045   7018   477
12121   6198   478
12121   12121   479
12121   7018   480
12163   7018   481
13375   701   482
13375   7018   483
13391   7018   484
13578   7018   485
13625   701   486
13832   701   487
