0.13449477351916378
0.5497797115611417
0.1638632264713459
0.5674566207708452
0.3783769185316613
0.21460878523025417
0.5498984382804435
0.4043942448680353
0.7910541817932736
0.7095329526039943
0.37758435355758957
0.44602068173113735
0.5354011646716272
0.4874638728323699
0.3809499019556804
0.21663366336633663
0.5531400578220365
0.8318813611246638
0.4302330233023302
0.7746781115879829
0.37142937511427415
0.686175157721431
0.27999480468876825
0.3321908290875406
0.43005540166204986
0.45621175844639544
0.6306580448839862
0.09740622505985638
0.49161158265562016
0.6228571428571429
0.09442295770508753
0.7726449275362318
0.4101549734257556
0.15228637633267655
0.7750158171920413
0.421638720829732
0.5058776704245813
0.5192907139524031
0.41654552344207507
0.4737552608592076
0.5894924372588232
0.3513805146236383
0.767110445219463
0.13250584471514698
0.039597544338335636
0.9468822170900693
0.35863109141629196
0.14235705950991834
0.058252820645830726
0.46269849229432014
0.9340449866565002
0.1701795472287276
0.2779298747863308
0.38560755336617414
0.06417028578864332
0.3402734021861215
0.43024861878453025
0.16309945088468586
0.6130311614730877
0.405857740585774
0.5180414871212302
0.5901275651691625
0.8815283498978741
0.5640030910287069
0.5595806060817347
0.5689975848763289
0.19826964671953867
0.14037413334496143
0.17712653609831036
0.589172128922158
0.0709674714956405
0.12209737827715354
0.12130550193050184
0.572448178123826
0.6408825953838908
0.29995126705653014
0.5954567423876269
0.5540955509533672
0.5785073616517178
0.151542425553676
0.07848722843112958
0.8599466622218518
0.210676570302836
0.09308467997130919
0.5662378429558388
0.48690867365566165
0.12992159569435502
0.348991448304228
