-0.051282051282051336
0.2573212821213777
-0.03992883188962883
0.565213391259903
0.23963204868333296
-0.09873756374885034
0.3126427705237035
0.10017828084617605
0.578770679869581
0.35727469282286545
0.13695826559993193
0.27148918973529995
0.21125133990097483
0.29247237569060774
0.09889047688090744
0.009861932938856
0.35995865211521144
0.7302454184974814
0.20965975173930504
0.4621640735502123
0.16013587069678345
0.6584737087017218
0.07782427144328917
0.04663306708393234
0.19020172910662828
0.3092009279854585
0.3447302383939775
-0.08899378881987578
0.2904738906451234
0.5333590435788662
-0.10896938832536959
0.6911510542689249
0.33360986401197223
-0.02937109610959422
0.7663299655874664
0.1357795884546332
0.24488315277743508
0.22630508474576264
0.18071898239871353
0.3959033244747531
0.5453555878084179
0.09195536737701464
0.4015181740459598
0.005686474476880742
-0.010999351070733255
0.7574704656011116
0.18880220498925554
-0.04456733897202344
-0.07789281880332224
0.18280415771190675
0.6317143776133803
-0.13302486986697518
0.15496495767288815
0.18068420316216588
-0.12692312183371945
0.12721097996207595
0.15119510839355185
0.14959746720940745
0.2630878438331855
0.1963377416073244
0.44960220664669986
0.2081753055204383
0.8546306294146759
0.3213334156756185
0.29867332423723403
0.3336479471448796
-0.01714961561206385
-0.15706043513295728
-0.034631676744771994
0.5387132207972662
-0.11553533842915698
-0.13058618688334306
0.0002001825320292271
0.36152219873150093
0.3072872689745756
0.011949924127465794
0.29705304518664066
0.36191251016959747
0.33603311255007134
-0.03158131533677386
-0.10044360719494409
0.5573608429671325
0.07551638176638173
-0.02631598728173364
0.24011378960122312
0.26300283537125657
-0.021931031705008472
0.033642798051291584
