0.8245273272168495
0.8935966308036952
0.7526607352850322
0.8789291049353466
0.8937004485640663
0.2108709507483455
0.7540576259766231
0.7717815842160086
0.9242027269838274
0.8949345789759607
0.6120674334755684
0.6596196003500885
0.8833394319217541
0.877900054074434
0.3592052532905704
0.7864525679749759
0.8704790079146828
0.6851621845803433
0.49035455613345597
0.9312463468740123
0.8323103013651811
0.9244385318779063
0.9279124436646601
0.7685988875904302
0.8579375426693125
0.5214317968336136
0.9975775449975932
0.7421862743571833
0.8623544000152962
0.9824369210525753
0.4729278022585665
0.7275337183263526
0.8606009847976634
0.8807493946160934
0.7717593178602232
0.8297116489853655
0.8950628403659856
0.8957665755217652
0.8354423194733758
0.8470094640628469
0.9474217451106055
0.8785458105088093
0.7402250805185494
0.3421741940722533
0.5854380260698885
0.8976229508311988
0.7443116943314957
0.9248707119218035
0.8189414818216157
0.9295260150316494
0.9139270803723276
0.9260918351041246
0.7454740982580504
0.960198639894772
0.521554928077097
0.696177375778375
0.7972846588422285
0.6601959120883266
0.8262530983578408
0.8995807062256305
0.7002042181283337
0.8238861786958569
0.6670275574216578
0.6408416808324701
0.7997513048717894
0.980851484262594
0.6135518231148539
0.8669285575196478
0.8746652264397141
0.9663731635617351
0.8205400357252013
0.9489834906278676
0.7183131814071368
0.9152455650084632
0.8431649373011896
0.6984247882273782
0.8915076851721341
0.8789906747381313
0.9892397725094915
0.909881189966578
0.7567903814128253
0.914696963445426
0.3782050740960965
0.8103176219234177
0.8938768703363593
0.7046424267774861
0.8668570949617637
0.7820652576488524
