0.919093577031747
0.8764573250601141
0.6805472914830583
0.9383403056967609
0.8742290648434878
0.5312503566984903
0.8387120904238964
0.7312741499854429
0.8229234834393487
0.8846700647289965
0.7334132132365199
0.5726634976536406
0.9217605252552289
0.8145271517144943
0.5902604225869841
0.7653069910691013
0.905252163178982
0.6990131867146087
0.6984305960881068
0.9530171889322587
0.8942626983649153
0.9080068922396327
0.9216321314496161
0.8803513547997711
0.8792089244634889
0.6698278929316865
0.9985962972179998
0.6746939900437805
0.8384046474961733
0.9808248031629692
0.7093392793480392
0.8493502963465509
0.8345420238211176
0.8756286246265788
0.8646254758110506
0.8992440660523958
0.8995184170780454
0.8865025363300614
0.8858190599584262
0.9077850569347373
0.9712990685754431
0.8738412241345782
0.8574121119334472
0.6308191407668521
0.838930623277016
0.949284010715491
0.8937580879277531
0.9234601045155998
0.7911944680559245
0.9256586732889225
0.9489655993877562
0.9166527422237155
0.7199006271510547
0.9587633177858279
0.7518083822428989
0.8229328919409875
0.896900319562174
0.8152572158220339
0.8943796504244402
0.9493701236432843
0.8123106881044034
0.900896682831547
0.8023754462870998
0.8663659463394155
0.8426053010829118
0.9851838762876745
0.5241440314469414
0.941493465980549
0.9364257816908387
0.9757683981305135
0.9154212533769821
0.9449497368901345
0.7231342253423042
0.9056840338738867
0.8913552008630217
0.6956560236296967
0.8833970909408381
0.8752732769347992
0.9888521627237827
0.9135473078282499
0.7418177544689059
0.903099592926291
0.6354895676509386
0.7950711969525504
0.8762495782781106
0.8373023137327893
0.87171050364314
0.7841352319201566
